analisi dati percorso di eccellenza autore francesco de rose 256865 CS - luglio 2025
controllare /home/francesco/perceccel/prilep/prsntz/up/h.press.analogue.ipynb
332 closest analog indices: [ 8204  1566  2376  9758  2400 16406  7532 14140  2405 11816 10150 10149
  2408 11817 11818  2409  7458 14120  9778 11858  2335  5289  5290  7601
  2329 16620 16618  5012  6730  6731  6732  5293 14114 14113  7449  2474
 11871  4976  4975  4974 14107  4964  4962  9688  9687  8964 10128 10127
  8965  8966  8967  9686  8842 14100  9685 14293 15977 12631 15976 15975
   875   876   877 13822 12630   878 11896 12724 15963 15962 15961  6801
  9671  6803 15960 15959 15958  9667 14099 14098  4860  9666 11222  2677
 12603   638  4859 11921  9665 11929 11940 11941  2737 14046   954 15502
   617  2743   616  2744  6457  4733   992  2789  2790 11627  6445  4639
  6444 11625  4636 11624 11623  9829 11190  1030  1035  4602  4601  4600
  4598  8661 16588 15938  4597  4596  2104  4594   582   581  4593  4590
  4587 14487 14486 14485 15931  4586  4585  4584 15273 15272  4573 12009
 11591  5649  2069 15541  8615 15543 15545   551  2940 11159 11158 11157
  6343 15546 11590  5666 11415  7850  7851 11156 15554 15555  2024  2023
 11150 11149  2022  2021 11148 11147  2020  5679 11146  5680 16310 14479
 15556 14478 14477  4443  4442  8559   520  6960  8558 16303  8556 16302
  1970  7876 13080 10400  3125  5713 11461 11462 11463 11464  7896  7897
 10690  3187  7898  7899 13322 13323  7900  7908 13756 13755 13743 13742
 13741 14425  6226 13740  1248  5757 10721 15142  4295  3291  5758  9225
 11472  1255 14928  4274 10738  4236  4235 14398  5768 13704 13705  1801
 11568  1307  1308  3463 14169  3464  4210  5806   248  7969   250   251
  7970  9253 15644  3497  1767  1764 11556 11555 16279 13006  3518  3519
 13005 13004  6128  9276 13003  9277 13002 13001 12224 10836  8277 10831
  9285  5900 10830  7140  7139  7138  3879  3878  3877  3876  2377  3832
  3831  3830  3829  3601 12269 10001 12270  9305  5996  1672 13403 10220
  7083  5998  5999  6000 12271 14413  8224  7085 12281  6001 14414 12282
  6003 12283  6004 12940 13387  8206  8205 13389  6005  6006 13392  7476
  3579 15480 12011 15524 15781 16309  3374  5953]
Analog counts per period: [1059876 1083430 1124200 1123762 1129228]
day 16619, q=0.98
Slope: 17903.6000
95% CI: (9140.8233, 26666.3767)
consistent trend detected: increasing
[1.0, 1.0, 1.0]
q=0.98: slope=17903.600, CI=(9140.823290451975, 26666.37670954803), ref_day=16619.
q=0.99: slope=8792.900, CI=(4424.833471220321, 13160.966528779678), ref_day=16619.
q=0.995: slope=4756.900, CI=(2318.8596135836206, 7194.9403864163805), ref_day=16619.




